[ 0 ] === 495842816, 5084672, 1319619072, 2013966848, 269365760, 172669440, 869921280, 1004011520, 2084546560, 1220585472, 1146137088, 1338299904, 887077888;   [ 13 ]
[ 1 ] === 710174721, 811940865, 1669817857, 350162945, 902863873, 592095745, 2049488897, 1629490177, 503984129, 1227734017, 1012707329, 115206657, 241315329, 2138078721, 1348361729, 1215828993, 2032894977, 478034945, 619054081;   [ 19 ]
[ 2 ] === 1637336066, 2138398210, 1804723202, 86690306, 1055640066, 1051030530, 1781459970, 1874412034, 1741160450, 1204868098, 1910210050, 1887665154, 1388803074, 333582338;   [ 14 ]
[ 3 ] === 1333267971, 1825039875, 869635587, 968890371, 1471398403, 2014871043, 122125315, 1073781763, 1111088131, 1603591171, 991810563;   [ 11 ]
[ 4 ] === 1619772932, 1536503812, 1472184324, 1420599300, 1608112644, 919121924, 1223207428, 1664423428;   [ 8 ]
[ 5 ] === 1098168837, 1416966149, 534706181, 1007245829, 2120131589, 524897797, 2137288709, 2139842053, 1582482437, 1555319301, 1610120709, 1330573317;   [ 12 ]
[ 6 ] === 616250886, 1553113606, 1022334982, 473891334, 956774406, 2085308422, 1215387142, 1376941062, 711845894;   [ 9 ]
[ 7 ] === 790413831, 1228691975, 925988871, 959112711, 1113502215, 995706887;   [ 6 ]
[ 8 ] === 34829832, 1529531400, 2108050440, 1508909576, 951186440, 1584892936, 1353825800, 1987106312, 1581539848, 1426819080, 1857962504, 1569229320;   [ 12 ]
[ 9 ] === 607165449, 234313225, 467847177, 22852617, 310936585, 1107484169, 1610009097, 661955081;   [ 8 ]
[ 10 ] === 1534512650, 1022267402, 406185994, 686730762, 304133130, 880944650, 813592586, 794123786, 291079690, 2032454154, 188213258;   [ 11 ]
[ 11 ] === 2069687307, 1128228875, 1019305995, 1656498187, 2120838155, 1059789835, 1339388427, 655858699, 1703964683;   [ 9 ]
[ 12 ] === 1082587660, 178069004, 1504049676, 2144316428, 1671067660, 819599372;   [ 6 ]
[ 13 ] === 1792762381, 298200077, 390871053, 2064604173, 625938445, 1483732493, 1158747661, 1881049613, 395191309, 1369133069;   [ 10 ]
[ 14 ] === 17137166, 678073870, 362447374, 109450254, 1072628238, 294124046, 1076261902, 1206674446, 931336718, 2032652302, 770833934, 1520982030, 629593614, 137806862;   [ 14 ]
[ 15 ] === 1593490959, 664502799, 1990087183, 635725327, 987359759, 1259042831, 408671759, 2067936271, 1718930959, 1371935247, 1622838287, 1516935695, 1063958031;   [ 13 ]
[ 16 ] === 646346768, 605667344, 1290883088, 1218272784, 346030096, 1588695568, 1543324176;   [ 7 ]
[ 17 ] === 51854353, 507906577, 584401425, 1190503441, 70298129, 405201937, 707255825, 181226513, 978587665, 1844400657, 1242561041, 2147469841, 749241873;   [ 13 ]
[ 18 ] === 1937775122, 1666152978, 1118486034, 1699219986, 64317458, 456651794, 728149010, 1745897490;   [ 8 ]
[ 19 ] === 243770387, 981303315, 1026488339, 1212220435, 683309587, 234262547, 2115227667, 1687776787, 1460082195, 1025533459;   [ 10 ]
[ 20 ] === 1055026196, 1800289812, 2030777364, 452947988, 371704852, 701807124, 1029009428, 247849492, 589130772, 477223956, 774404628, 1278792724, 1797073940;   [ 13 ]
[ 21 ] === 1123559445, 1059566101, 316321813, 1791559189, 1902919189, 1518260757, 245240853, 2138982933, 415522325, 993967637;   [ 10 ]
[ 22 ] === 150238230, 1732940310, 259322902, 218574358, 76387350, 1591776790, 1117726230, 1889804310, 1626250262, 120306710, 1124311574, 1605539862;   [ 12 ]
[ 23 ] === 1403262999, 1836040215, 1875218967, 2103816215, 1180082199, 1992232983, 378469911;   [ 7 ]
[ 24 ] === 830921752, 685710872, 472493080, 1629190168, 810882584, 1560268824, 1833469976, 1155785752, 950881304, 530406424, 620089368, 1232056856, 201305624;   [ 13 ]
[ 25 ] === 359978009, 1921562649, 687506457, 1899542553, 1051858969;   [ 5 ]
[ 26 ] === 311859226, 2042169370, 1264537114, 282723354, 127758874, 1210215450, 1238241306, 168021018, 1026201114, 1735551514, 30387226, 76065818, 1749698586;   [ 13 ]
[ 27 ] === 322569755, 1971343899, 1727918107, 1084384795, 2097657371, 1850612763, 1466942491, 1939964443, 8936987;   [ 9 ]
[ 28 ] === 63816220, 1929765404, 1954784284, 222028828, 1704365084;   [ 5 ]
[ 29 ] === 1660316701, 1196556829, 155036189, 940218397, 1622782493, 868272669, 1742853661, 637760029, 1731563037;   [ 9 ]
[ 30 ] === 2115220510, 1051384862, 946482206, 1065093662, 342146590, 1108399134, 1910858270;   [ 7 ]
[ 31 ] === 1519497247, 577437215, 1545589791, 1463778847, 844320799, 1798340127, 675161631, 1481907231, 733628447, 209473567, 321869343, 410134047, 1464415775, 378409503;   [ 14 ]
[ 32 ] === 1091359264, 118941728, 19063328, 1459834400, 2011662880, 989241888, 1562402336, 1069755936;   [ 8 ]
[ 33 ] === 1502178849, 1788175905, 1496619041, 1888520737, 1279176737, 501560353, 489005601, 248185889, 878777377, 1138101281, 1946710049, 1766146081, 1421186593, 1544617505;   [ 14 ]
[ 34 ] === 990982690, 1789243938, 624486946, 1303785506, 365547042, 327305250, 1184622626, 654829090, 1698487330, 2013725218, 1144278050, 1139901474;   [ 12 ]
[ 35 ] === 890117155, 686863907, 191021091, 1733163043, 1706740259, 377108003, 1599300131, 1994159651, 1135386147, 2068224547, 888482339, 1805613091, 337739299, 1237379107;   [ 14 ]
[ 36 ] === 1511122980, 978481700, 615073828, 1738394660, 2123016228, 161922596, 1080502308, 1875641892, 537322532, 1407392292, 338888228;   [ 11 ]
[ 37 ] === 493173797, 1371195941, 336135205, 347788837, 966488613, 2006420005, 602297893, 730832933, 803590181, 452867621;   [ 10 ]
[ 38 ] === 1032113190, 1833949222, 1226351142, 2094258726, 118993446, 628966950;   [ 6 ]
[ 39 ] === 2070721063, 1277148711, 30245415, 1427027495, 135813159, 253674535, 1042517543, 1539942439;   [ 8 ]
[ 40 ] === 888055336, 1511743016, 1886386216, 373026856, 85357096, 371888680, 366913064, 1401422376, 707184680, 1979015720, 1505193512;   [ 11 ]
[ 41 ] === 1383918121, 336428585, 821687849, 1668794409, 2093882409, 522359337, 1527337001, 281845289, 198805545, 1470503465, 1784639529;   [ 11 ]
[ 42 ] === 1563074602, 849394218, 527532074, 2146735658, 669161002, 1631207466, 1337434154, 1983228458, 1889947178;   [ 9 ]
[ 43 ] === 1997315115, 285839403, 649162283, 1697496619, 1656241707, 1701475883, 1175446571, 2125023787, 172623403, 1046370347, 114760235, 243268139;   [ 12 ]
[ 44 ] === 1267939884, 543672876, 1648440876, 262458924, 1144963628, 297785900, 1906889260, 1667250732, 1346941484, 1402492972;   [ 10 ]
[ 45 ] === 1144741933, 1721428525, 1127210541, 93232173, 1014701101, 1287572525, 1750829613, 1528806445, 1472713773, 707900973;   [ 10 ]
[ 46 ] === 1712171054, 1999357998, 1410553902, 375487534, 674062382, 2111060014, 1694887982, 1502781486;   [ 8 ]
[ 47 ] === 1184868399, 2088973871, 1904572463, 1426451503, 1212534319, 1607500335, 1199680559, 2045826607;   [ 8 ]
[ 48 ] === 1501052464, 245382704, 219700272, 765516336, 1065042992, 983650352, 2032510512, 1440458800, 637172784, 278608944, 1975886384, 419914800, 1953443376;   [ 13 ]
[ 49 ] === 1073333297, 1564633137, 1944442929, 1970034225, 1631418417, 865144369, 376875057, 1598564401, 111691313, 1221389873, 1719650353, 649785905, 1579068977, 513937457, 11614769, 1059961393;   [ 16 ]
[ 50 ] === 108639282, 1962845746, 297598514, 1381690930, 1728970290, 1861701682, 1242754098, 1600206898, 52775474, 630668850, 437116466, 165344818, 752392754;   [ 13 ]
[ 51 ] === 997517875, 1210997811, 919785523, 418646579, 296864819, 937370163, 350322227, 2145174067;   [ 8 ]
[ 52 ] === 515940404, 298191412, 749527092, 1301004340, 1293259316, 1561783348, 900205108, 217985588, 1777483316, 95266356, 1176225844, 1455590964, 719346228, 680466996;   [ 14 ]
[ 53 ] === 1811098165, 1857174069, 307164213, 710887989, 608580149, 91119157, 2093782069, 1051402293, 1666231349, 1250372661;   [ 10 ]
[ 54 ] === 475555382, 581101110, 1051760182, 984461366, 732853814, 1780238390, 507946550, 1101709878, 1692786742, 226723382;   [ 10 ]
[ 55 ] === 597957687, 1438456375, 308846135, 2123801655, 735169591, 257009719, 1691635767, 487073847, 482417719, 209359415;   [ 10 ]
[ 56 ] === 540326456, 1604507192, 718152760, 1107713080, 1993077304, 1765417016, 1066075704, 1268409912, 356426808;   [ 9 ]
[ 57 ] === 2074941497, 894661689, 702622777, 879795257, 959200313, 1917104697, 1738076217, 400000569;   [ 8 ]
[ 58 ] === 2102588474, 1347001914, 720024122, 1254413882, 1202376250, 615419962, 1397489210, 1408347194, 1454580282, 824722490, 1549495354, 410228794, 669908538, 327254586;   [ 14 ]
[ 59 ] === 392574011, 2107955771, 1942739003, 213132347, 1580895291, 783175739, 1469543483, 1930334779, 831099451, 1287726651, 387346491, 491705403;   [ 12 ]
[ 60 ] === 160245820, 1461722172, 568008764, 1933366332, 1281957436, 283467324, 992277052, 1793256508, 1170132540, 304505404, 2073785404;   [ 11 ]
[ 61 ] === 1559395389, 110793789, 1383866429, 761865277, 1197477949, 1752143421, 2126362173, 313823293, 1384079421, 1504569917;   [ 10 ]
[ 62 ] === 1819216446, 1488220734, 1096079422, 1855191614, 431787582, 877062718, 1145975358, 2143124030, 1635550270, 1799878206, 939819582, 805750846;   [ 12 ]
[ 63 ] === 734948415, 1464355903, 2084368447, 92819519, 1959970879, 1331365439, 1542106687, 66493503, 243804735, 12548159;   [ 10 ]
[ 64 ] === 1509983296, 218743872, 816636480, 678890048, 1922932288, 1847302720, 1035317824, 429857344, 930104896, 1072190528, 2131058752;   [ 11 ]
[ 65 ] === 844342337, 1001271361, 353828929, 2124416065, 505631809, 1259480129, 1022988865, 219976257, 133286977, 413892161, 1955769409, 546389569, 1100661313, 135497281;   [ 14 ]
[ 66 ] === 759170114, 1756095042, 662536258, 42186306, 693550658, 1211270210, 1537794114, 703571522;   [ 8 ]
[ 67 ] === 1299296835, 209658435, 680753219, 291169347, 939288131, 1389492803, 1250016323, 331016259, 2056665155, 370917955, 1826620483;   [ 11 ]
[ 68 ] === 847196228, 309418564, 1981064260, 652942916, 641450052, 198619204, 1916237892, 1541417540, 1034514500, 1858721860, 776532036;   [ 11 ]
[ 69 ] === 646252101, 406967877, 1187427397, 1666992709, 1013825605, 1926231109, 2059643461, 981914693, 126107205;   [ 9 ]
[ 70 ] === 614344774, 1403327046, 1828585542, 56236614, 1623804486, 1375179334, 94307398;   [ 7 ]
[ 71 ] === 928494151, 560318023, 218248263, 4744263, 1031126087, 207621703, 10901063, 1967681095, 1186452551, 2040332871;   [ 10 ]
[ 72 ] === 2124236872, 1233530952, 126257224, 2146690120, 1642661448, 912078408, 136864840, 1779289672, 771151432;   [ 9 ]
[ 73 ] === 412164681, 1388103241, 1410681417, 1604665417, 2135019593, 712633417, 1717226057;   [ 7 ]
[ 74 ] === 144808010, 1027209802, 962564682, 167434826, 475777610, 76982346, 952617546, 244930122, 135177290, 791251530, 638422090, 719885386;   [ 12 ]
[ 75 ] === 1109171275, 947921995, 848857675, 114962507, 2094836299, 80869451, 1502386251, 1682367563, 1190668363;   [ 9 ]
[ 76 ] === 816823884, 521780300, 2042106956, 1862140492, 1791321676, 1617869388, 1846164556, 1384095820;   [ 8 ]
[ 77 ] === 1852044365, 30817357, 298965069, 1424771149, 1875242061, 1638462029, 2087479885, 1447680589, 1419413069, 979601485, 1316953165, 1599893069, 1390543437, 873199181, 1467963981, 492067917;   [ 16 ]
[ 78 ] === 1626717774, 1716462158, 1847344718, 831083598, 278190158, 1802491982, 522971726, 1992576590, 1983614030, 1308044878;   [ 10 ]
[ 79 ] === 446703183, 1385952847, 606765135, 69114447, 1184726095, 2021449807, 1947691087, 1116945487, 1404196431;   [ 9 ]
[ 80 ] === 1106668624, 415922256, 430310992, 891528784, 857490000, 435889744, 2001229904;   [ 7 ]
[ 81 ] === 1303414865, 776878673, 121495633, 1470558289, 552604753, 294151249, 1122249809, 1460674641, 138172497, 1318141009, 104665169, 78012497, 1957747793;   [ 13 ]
[ 82 ] === 1715725394, 1963799634, 444995154, 1032636498, 545343058, 1551291986, 1088590930;   [ 7 ]
[ 83 ] === 1753753683, 1702286931, 516443731, 1227142227, 1451516499, 411266131, 1443155027, 139722835, 177312851, 1810713171, 452825171, 1290127955;   [ 12 ]
[ 84 ] === 631481940, 823586388, 1589147732, 1335132244, 591313492, 905894996, 81458260, 525829204, 950390868, 1402586708, 1911759956, 304089172;   [ 12 ]
[ 85 ] === 1363333205, 1842533461, 1740033621, 1577418325, 1703835733, 819485269, 846621269, 567304789, 2027907669;   [ 9 ]
[ 86 ] === 1481265238, 55064662, 1265784918, 1652701270, 1583887958, 2097951318, 1106211926, 1243769942, 1992055382, 1603386966;   [ 10 ]
[ 87 ] === 1922824791, 1393129559, 73407063, 2087770711, 1825051735, 562395735, 1934660183, 2010794583, 739273303;   [ 9 ]
[ 88 ] === 439148632, 396554328, 148420696, 1401808472, 1178341976, 753999960, 191471704, 871000, 1135787096, 116423768, 772970072, 608413784, 2089018456;   [ 13 ]
[ 89 ] === 1389548121, 883401305, 1040759385;   [ 3 ]
[ 90 ] === 1920706138, 1258718810, 394062426, 450395738, 717032538, 1364180570, 912194650, 1813080154, 2025554010, 501772890, 1117142618;   [ 11 ]
[ 91 ] === 1406385755, 1818194011, 120214107, 639854683, 1054181467, 1010014811, 234576987, 1030313563, 204102747, 1344593499, 1273911899;   [ 11 ]
[ 92 ] === 608113244, 1926315612, 1121147484, 827385948, 153162844, 1446648412, 1984210012, 945117276;   [ 8 ]
[ 93 ] === 485463645, 954947677, 1690334813, 613197917, 1827092061, 1983827549, 442482781, 322334813, 28264029;   [ 9 ]
[ 94 ] === 220071006, 1628573790, 296082014, 1470593630, 2002992734, 223712350, 318561886, 648031326, 1414829150, 1734575198;   [ 10 ]
[ 95 ] === 881759, 337814111, 258944095, 993165407, 496612959, 259488863, 1767110751, 496987743;   [ 8 ]
[ 96 ] === 491009120, 2000295008, 820830304, 1476131424, 328386656, 1335757408, 1573177440, 384868448, 1139352160, 207026272;   [ 10 ]
[ 97 ] === 1887329, 316443745, 1858348129, 854047329, 1345554529, 1727856737, 1530130017, 592456289, 301373537, 1388391521, 1152645729, 1314218593, 820697697, 593209441;   [ 14 ]
[ 98 ] === 1244849762, 1665676898, 1511658082, 1642949730, 1045069410, 1616916066, 79065186, 1651574882, 1124734562, 2039723618, 1395132002, 212251746;   [ 12 ]
[ 99 ] === 1224617059, 691017315, 1638823523, 941117027, 729972835, 472562275, 1948432483, 681928291, 101323875, 1219407971, 1583571043, 233665123;   [ 12 ]
[ 100 ] === 1973603940, 395738724, 1241027172, 1120090212, 727843428, 129183332, 65120356, 1688323172, 1858504292, 111537764;   [ 10 ]
[ 101 ] === 1495938149, 248654437, 1818868837, 1386847845, 186125413, 2138704485, 1902736997, 573556837, 1567022181, 1329132133;   [ 10 ]
[ 102 ] === 855810150, 2082901094, 1379413094, 976350310, 23637094, 1988308582, 1267733606, 899633766, 1237053542, 1235238502, 333480550, 1821066342, 31308902;   [ 13 ]
[ 103 ] === 1629872743, 698374759, 101072999, 530788967, 1119399015, 389040743, 260401255;   [ 7 ]
[ 104 ] === 107920488, 327727208, 375444584;   [ 3 ]
[ 105 ] === 1461012585, 1243128425, 522066537, 1889829481, 1236682857, 1421449833, 209419369, 897534569, 144874089, 1092637289, 446340713, 1681692777;   [ 12 ]
[ 106 ] === 1968116330, 759316586, 896757354, 335486058, 850500202, 1776544874, 796425834, 1824700010, 1195950186;   [ 9 ]
[ 107 ] === 716385387, 311647339, 10604139, 1460654187, 1759007339, 403068011, 1240554603;   [ 7 ]
[ 108 ] === 1836353644, 1780894828, 622858860, 890060908, 1550046828, 613932652, 1599184492, 1140858988, 1820042348, 1101533292, 338346092, 1038626924, 2016764524, 1096689772;   [ 14 ]
[ 109 ] === 579166829, 1533193837, 1875638893, 193088109, 755594861, 1443145325, 1482841197, 1143565421, 1341443181;   [ 9 ]
[ 110 ] === 540380270, 351748718, 97611886, 642112110, 1049546350, 1019382894, 1449228398, 1243439214;   [ 8 ]
[ 111 ] === 1130242671, 682974831, 1037412975, 2095530607, 665228399, 2085331055, 989492335, 836802671;   [ 8 ]
[ 112 ] === 148214896, 1087157360, 1508472944, 231366256, 976668784, 1199420528, 750679664, 695748720, 1280321648, 705178736, 1820388464, 572660336;   [ 12 ]
[ 113 ] === 123204721, 1793588849, 2137387633, 1644210801, 437180529, 953691761, 772634225, 476152433, 1503967857, 1645933681;   [ 10 ]
[ 114 ] === 610548850, 1281644146, 388146290, 1107747442, 869813362, 1328674418, 1206266994, 757001842, 1984313970, 256804978, 1931513970;   [ 11 ]
[ 115 ] === 501088883, 1221796467, 1233934451, 475853939, 610645107, 47830643, 1186896499, 1918258803, 1623380595, 1714636915;   [ 10 ]
[ 116 ] === 2103067764, 2045875316, 1369221236, 1428417140, 914560116, 288772212, 945877108, 2100598388, 447053428, 1137990260, 1806119540, 942581876, 1777288820, 1107096180, 982906996;   [ 15 ]
[ 117 ] === 457003637, 1437951605, 1984483445, 1844462197, 552812661, 2092503157, 1408960629, 1175989877, 470631541, 1370973813, 1026413173, 1129033333;   [ 12 ]
[ 118 ] === 18186358, 1968642166, 181010038, 2021424758, 26416758, 960188534, 845954166, 85291638;   [ 8 ]
[ 119 ] === 496387191, 1474630775, 1794027639, 1909676663, 110919287, 1929962103, 286316151, 1964255351, 1054930039, 543785591, 1073646711, 1714710647, 1891066487, 847228023, 1359512183;   [ 15 ]
[ 120 ] === 1574831224, 502070392, 845571192, 2130082424, 2119389304, 971529848, 1611111544, 1927454328, 695258232, 980356728, 1253207672;   [ 11 ]
[ 121 ] === 915892857, 551672441, 2045064825, 363159161, 1852803193, 1725362297, 1999038585, 7426169, 634172025, 1104627321, 1351797369;   [ 11 ]
[ 122 ] === 19494010, 1293460090, 70061690, 554472058, 710058106, 1343457914, 110993018, 1265204346;   [ 8 ]
[ 123 ] === 1108949115, 1599014523, 345234555, 1929465979, 2000490107, 1017487483, 1285859963, 1064651899, 542314107, 609707131, 73673339, 1431742587, 420687483, 2077486715;   [ 14 ]
[ 124 ] === 1458728060, 247011964, 1092059772, 286983804, 1320634492, 1485511804, 63299708, 470591100, 496060028, 1775473788, 1365180540;   [ 11 ]
[ 125 ] === 271265405, 657129085, 775094909, 305636989, 40317565, 1689630845, 1842493053, 1798418557, 1426608253, 233233021, 1917305981, 64564349, 399493245, 1239036029;   [ 14 ]
[ 126 ] === 928096382, 658787454, 366831742, 1302539390, 1998898814;   [ 5 ]
[ 127 ] === 339740287, 1581367423, 1578467455, 1366405247, 1855459967, 1750159999, 202550399, 260152959;   [ 8 ]
[ 128 ] === 968851584, 1305589888, 791788160, 1198948480, 1063485056, 41268864, 216272000, 340563072, 1660651136, 661761152, 1983690368;   [ 11 ]
[ 129 ] === 1262129793, 2117923969, 33252481, 372315265, 34740865;   [ 5 ]
[ 130 ] === 627153538, 985970818, 746926210, 1593740418, 1595930242, 1872285314, 531900034, 373953666, 777210498;   [ 9 ]
[ 131 ] === 310440579, 1129947779, 1841585795;   [ 3 ]
[ 132 ] === 285942916, 1513453188, 29116548, 175821956, 1148576388, 821319300, 533424260, 1433572996, 1369678468;   [ 9 ]
[ 133 ] === 380509317, 1939457669, 7438469, 1507629701, 1390342789, 1073485445, 349281413, 1179478661, 427778693, 235649157, 1676902021, 349517445;   [ 12 ]
[ 134 ] === 914666118, 1517735046, 1632730758, 1886872710, 1576184454, 581544070, 2081063046, 1602182790, 174515334, 1172755590;   [ 10 ]
[ 135 ] === 1339624583, 76293255, 588256391, 777828487, 950561927, 193836679, 840714375, 878051463, 84870791, 1911539847, 63473287, 867874951, 1213735047, 1316505735, 1047196295, 1367209095, 44041351, 1487053959, 1309383303, 1827336327;   [ 20 ]
[ 136 ] === 1808665736, 1500173960, 831220360, 1990178440, 265632904, 1827946632, 1344541320, 234799752, 1814887560;   [ 9 ]
[ 137 ] === 1131491977, 367085193, 61204105, 763447433, 808808585, 1704572553, 263419017, 406011017, 402903177, 767066249, 1194953865;   [ 11 ]
[ 138 ] === 954222218, 103039626, 996774026, 117413002, 351450250, 1229999242, 1931706506, 1781999754;   [ 8 ]
[ 139 ] === 108451979, 1917957771, 1781804171, 701062795, 1308581515, 2133584523, 2030449291, 309198987;   [ 8 ]
[ 140 ] === 1333016204, 25109644, 1409822860, 213280396, 1480032908, 57518732, 649830540, 1712268428, 1940022924, 1245644428, 1591564428, 99885196, 839425676, 738393740;   [ 14 ]
[ 141 ] === 325659789, 358625421, 1246447757, 126794893, 1429841549, 1160475789, 861838989, 1998562957, 192532621;   [ 9 ]
[ 142 ] === 170722958, 586586766, 1215992974, 1140082830, 362795150, 1416023182, 1409907854, 574690958, 1337856142, 431530126;   [ 10 ]
[ 143 ] === 92244623, 2100477583, 760582799, 802438799, 1534947983, 794452111, 1417988751, 1360933007, 1933084303, 878273679, 695466127;   [ 11 ]
[ 144 ] === 1315147408, 447272592, 514820752, 1434895504, 1116391568, 71061648, 141413008, 1238138000, 1866355856, 2078107280, 1849552528, 1276673168, 1662981776;   [ 13 ]
[ 145 ] === 1905068689, 1114198673, 719094417, 817213073, 1598048401, 1654844049, 33165457;   [ 7 ]
[ 146 ] === 1641511058, 554841746, 50086034, 1426869906, 88639634, 2145854098, 67974802, 1022963858;   [ 8 ]
[ 147 ] === 1799233683, 1684755603, 1369705107, 54449299, 1767125139, 1521740435;   [ 6 ]
[ 148 ] === 1299707540, 1416162964, 459541652, 298125972, 1517244564, 292218004, 1037127828;   [ 7 ]
[ 149 ] === 397641365, 4880533, 175324309, 1742811797, 1745520789, 1258095765, 1149677717, 1661084821, 1533803669, 1896870037, 1564739221, 1715207829, 1184214677, 1795519125, 1633108117;   [ 15 ]
[ 150 ] === 1393557142, 536359574, 1654875286, 1250822806, 1644817046, 881865366, 1423977622, 1063641238, 37623446, 1820965014, 2025251990, 1587992726, 1916250774, 1586903190;   [ 14 ]
[ 151 ] === 1986437271, 1271485079, 1650837655, 299547287, 233706647, 598845591, 1937495191, 643762327, 700287639, 1351538839, 672032919, 1548233367;   [ 12 ]
[ 152 ] === 1115519640, 1264448664, 1904279192, 954296984, 1475952280, 1456748696, 457676440, 629580952, 1417076376, 1959343768, 29777560, 1909002904;   [ 12 ]
[ 153 ] === 702833817, 713475737, 390848153, 358984857, 826047641, 1297893529, 697517721, 270744729;   [ 8 ]
[ 154 ] === 865846426, 1070200474, 1634628762, 1658698394, 84041882, 1865033882, 691451546, 104852634, 1608340634, 1862292122, 37487770, 1143408282;   [ 12 ]
[ 155 ] === 1737517723, 1499893403, 2015196827, 828984987, 1112087195, 1113331867, 1450099355, 733450907, 105575579, 407487131, 412776091;   [ 11 ]
[ 156 ] === 1953548444, 1357669532, 1218458780, 771893916, 116903580, 1874545820, 751002780, 1538026652, 672139932, 1823796892;   [ 10 ]
[ 157 ] === 667702941, 1385090717, 25701533, 314909341, 2058964125, 1840700573, 2105210525, 1921376925, 1781485213, 455843485, 410409117;   [ 11 ]
[ 158 ] === 677413022, 1775497886, 1012354718, 541639838, 736017566, 1186241694, 1381672606, 158535326, 1246101662, 1267040926, 1669679262, 87755422, 438792350;   [ 13 ]
[ 159 ] === 1655768735, 748051103, 298662559, 2015319199, 596170911, 1674209439, 1925473439, 1510906527, 805251743, 272020127;   [ 10 ]
[ 160 ] === 1714117792, 337870496, 931702944, 1331601568, 1845394080, 1238498976, 595311776;   [ 7 ]
[ 161 ] === 1348809889, 1613947041, 2000245409, 662229153, 1822101665, 359013537, 43695777, 930353825, 1138259617, 372004513, 1007277217, 524872353, 1632621729;   [ 13 ]
[ 162 ] === 1839719074, 535187618, 1202969762, 1368293026, 213153954, 2112043682, 258219170, 2060975266, 968338082;   [ 9 ]
[ 163 ] === 777374883, 406605987, 1716727459, 1006047395, 1053514403, 1292850339, 2107654819, 532495011, 1642548899, 628175011;   [ 10 ]
[ 164 ] === 1254199972, 716167332, 1200346276, 790913700, 1558349476, 340606628, 1331565220, 1817049764, 1286966948, 750167716, 551836836, 1597322404;   [ 12 ]
[ 165 ] === 762000549, 17091749, 1467704485, 1609946277, 1230769829, 1395405989;   [ 6 ]
[ 166 ] === 1896595622, 1170023078, 520716454, 1108039334, 13146790, 504038566, 1750621862, 787689126, 553160358, 1369602726;   [ 10 ]
[ 167 ] === 1459522215, 209331367, 1036215463, 1353668775, 673365159, 217927335, 773319847;   [ 7 ]
[ 168 ] === 2100251816, 1436796072, 681195176, 115133608, 831661736, 1731190952, 1312994984, 1573363368, 221558440;   [ 9 ]
[ 169 ] === 335635625, 1384724137, 1588279465, 2017461929, 1894600361, 434457257, 1574788777, 910450857, 625843881, 576994985;   [ 10 ]
[ 170 ] === 1242255018, 1390352042, 665636010, 1501659818, 512976554, 608034986, 1211721386, 2004504234, 2142757034, 2040651434;   [ 10 ]
[ 171 ] === 69444267, 373947051, 769500843, 1056865451, 1521322667, 1139993259, 1099527851, 248574635, 1948377259, 1029621931, 1589513899, 916018859, 1312630443;   [ 13 ]
[ 172 ] === 6046380, 1332205740, 669635244, 1822654124, 69470380, 1259076780, 112526508, 607382700, 877068972, 1198720172, 1877565100, 1238433452, 601385644;   [ 13 ]
[ 173 ] === 23062189, 1414376621, 211919533, 198979245, 1593642157, 952754349, 1540111021, 1793039021, 1859563181, 838139053, 86086317;   [ 11 ]
[ 174 ] === 1910661806, 235601070, 1028676782, 954233518, 866360494, 568534702, 1683213486, 40658094, 612353198, 1748349614;   [ 10 ]
[ 175 ] === 1770479279, 1354575023, 1061537967, 233614511, 353673391, 1275373743, 1474612399;   [ 7 ]
[ 176 ] === 1799656624, 1826750128, 823098032, 1632381616, 1140210352, 573120688, 78359216, 1402505904, 1120630960, 1660038320, 1114646704, 1364090032, 709393584;   [ 13 ]
[ 177 ] === 847295153, 751709361, 255866545, 1397401777, 465550001, 1084040881, 2129043633, 1922018481, 616716465, 25222833, 986478257;   [ 11 ]
[ 178 ] === 2076910258, 705651378, 1324901554, 8293554, 682900658, 1348325554, 574682290, 1453048498, 505593010, 168057522, 1010528946, 114723506, 1057418418, 2038664370;   [ 14 ]
[ 179 ] === 1179448499, 1447528627, 681678003, 894617267, 1265596083, 1653265587, 335531187, 633295539, 822304435, 556939443, 1501830323, 959162035, 1034949299, 822890675;   [ 14 ]
[ 180 ] === 1719609524, 1314595508, 1273972404, 377970868, 443286196, 240959156, 1665204916, 1473144500, 1424268980;   [ 9 ]
[ 181 ] === 1536129205, 200593589, 1502676149, 588965557, 667416757, 1553746101, 1268126901, 1304352949, 1531585205, 216220853, 1787897525, 82173109, 1738909365;   [ 13 ]
[ 182 ] === 464661174, 120738486, 942724790, 1671735990;   [ 4 ]
[ 183 ] === 991034551, 1466177207, 63056055, 7155895, 1241361591, 2042028215, 804046007, 1579059895, 989230775, 311269559;   [ 10 ]
[ 184 ] === 1099495096, 1066832056, 1860422328, 1312712376, 102194872, 1569654968, 777720504;   [ 7 ]
[ 185 ] === 1358131385, 697848505, 1378811577, 231097529, 708436665, 2036267705, 2032363193, 1944216249, 107734713, 1469262009;   [ 10 ]
[ 186 ] === 1662935226, 2055988922, 1255349946, 199411898, 696947386, 298625210, 653468858, 1025202362;   [ 8 ]
[ 187 ] === 1100418235, 892705979, 1589988539, 1449378491, 690918075, 1176924347, 1350422715, 1815320763, 674426555, 547772603, 245277883, 466647227, 1540846267, 1456339643, 828388027, 1947346619;   [ 16 ]
[ 188 ] === 488515260, 335612604, 713194684, 1920992956, 1026374844, 720936636, 2093506748, 1444788924, 431315644, 1104561852, 580508860, 1965421244, 964445884, 917679292, 559412924;   [ 15 ]
[ 189 ] === 543915709, 1147511485, 1785286845, 1392665789, 1386122429, 483989693, 737654461, 639624893, 1386099901, 1626870461, 1120048829;   [ 11 ]
[ 190 ] === 479615166, 1127040702, 1211608254, 213594814, 191520958, 2142919358, 1595371198, 1851445950, 1514620094, 151519934;   [ 10 ]
[ 191 ] === 33768127, 1916928191, 606733503, 1430235839, 2063762111, 193552063, 917609663, 1066077375;   [ 8 ]
[ 192 ] === 1994120896, 868740800, 119764672, 996879552, 826782912, 2052861120, 18400960, 181271232;   [ 8 ]
[ 193 ] === 928533185, 1192967873, 1662919361, 1945972417;   [ 4 ]
[ 194 ] === 495401666, 1161948866, 442366146, 637438146, 229548226, 204742850, 980690626, 1445834946, 1798027458, 1973521090, 599529154, 746349250, 1986894018, 358532290, 1540383426;   [ 15 ]
[ 195 ] === 1802572483, 207697603, 927535811, 1347795651, 1189256387, 627200707, 2124149955, 940472515, 78417603, 1280631491, 1057467587;   [ 11 ]
[ 196 ] === 1652743364, 893920964, 618411204, 2020532420, 1362638020, 358279876, 716898500, 94255812, 1321756868, 25084100, 1204754116, 404158660;   [ 12 ]
[ 197 ] === 2083782853, 298975429, 33713861, 168002245;   [ 4 ]
[ 198 ] === 1963816134, 532844230, 716952774, 1026253510, 1391927494, 1554725062, 184803526;   [ 7 ]
[ 199 ] === 833264839, 1900257991, 326127303, 1116323015, 477127367, 699045063, 612816071, 972125383, 655495367;   [ 9 ]
[ 200 ] === 1799802056, 197334728, 939671752, 699776712, 1987489992, 1649296072, 849580744, 2143493320, 2018373832, 384370888, 1447395528;   [ 11 ]
[ 201 ] === 1931875017, 478488777, 1699761353, 1203013321, 1696779465, 39533257, 1353436873, 1101513929;   [ 8 ]
[ 202 ] === 1572807882, 1580048074, 1871812298, 1231067850, 303238858, 219544266, 564325578, 1067854538;   [ 8 ]
[ 203 ] === 289404619, 218640587, 1179339467, 1543678155, 1160063179, 352406219;   [ 6 ]
[ 204 ] === 970403532, 1567254732, 396926156, 481762508, 364234956, 2081362124;   [ 6 ]
[ 205 ] === 2004077773, 543066317, 573912269, 1488873165, 62299853, 572132557, 2083149517, 1675518157, 1411328205, 1973387981, 1129566413, 1189641421;   [ 12 ]
[ 206 ] === 495089358, 990217934, 2063449294, 1526446286, 825791694, 235202254;   [ 6 ]
[ 207 ] === 126610639, 2101913295, 614064335, 188043983, 217852623, 1105629391, 478841551, 362575055, 885799631, 1017679567;   [ 10 ]
[ 208 ] === 1212052176, 475745488, 1646824656, 58591440, 1855843024, 1970090192, 982936784;   [ 7 ]
[ 209 ] === 896551633, 896925393, 1872666833, 1442767057, 1360613073, 1392740049, 1866000081;   [ 7 ]
[ 210 ] === 1193353426, 1667475154, 1846409938, 64784082, 1509887186, 339762386, 667748050, 1184812754, 959171794, 988992210, 517408978, 934618834, 1751378130, 104152274, 110613202;   [ 15 ]
[ 211 ] === 1003497683, 1227833555, 568637651, 429363923, 1312313043, 844169939, 1748806355;   [ 7 ]
[ 212 ] === 1438573268, 441971924, 202019540, 1874960596, 632651476, 1329202900, 1137949908, 1662739668, 1973594324;   [ 9 ]
[ 213 ] === 581339349, 175523541, 1075156181, 1155505365, 2131953877, 1335077589, 483689685, 524133589;   [ 8 ]
[ 214 ] === 651233494, 1400267990, 1121241302, 1610670806, 511583958, 860144854, 192433878, 1813511382, 1968922326, 1747844822, 409544918;   [ 11 ]
[ 215 ] === 256825559, 1914020567, 2119434455, 336728279, 452703447, 434492631, 1753779927, 1785550551, 1106059479;   [ 9 ]
[ 216 ] === 1273986264, 1377882328, 1189852888, 1952768216, 1347008216, 2004270296, 622993624, 1234644696, 660064472, 194064088, 1081174232, 733053144;   [ 12 ]
[ 217 ] === 1042613465, 1431109849, 807869145, 863617753, 176356569, 1438537945, 1480708313, 1489692377, 1584710873, 1070575321;   [ 10 ]
[ 218 ] === 1401016538, 921661146, 2063018202, 918483162, 1112720090;   [ 5 ]
[ 219 ] === 1387516123, 1357242587, 1495749339, 1675910875, 871700699, 1435525339, 1326247643, 1597141723;   [ 8 ]
[ 220 ] === 1452362972, 516677340, 1104028380, 1595747036, 1244453596, 192048860, 1912163036, 1604765404, 1585990364;   [ 9 ]
[ 221 ] === 1959558365, 688347869, 2140173533, 1925203165, 214419677, 977415389, 623678685, 10150109;   [ 8 ]
[ 222 ] === 1482999518, 1474592478, 691639518, 973294814, 1932874974, 140830430, 1714330334, 775496414, 992209118, 428674782, 1111800030, 659639006, 1615935710, 484238046, 1850952926;   [ 15 ]
[ 223 ] === 407405279, 427204319, 460467935, 1116716255, 400660703, 1943410399, 850598623, 1978701535;   [ 8 ]
[ 224 ] === 427231456, 1782806240, 999416032, 22800096, 2066990816, 2082735328, 1812247776, 532670688;   [ 8 ]
[ 225 ] === 143154913, 763187937, 2030678241, 1476967137, 2058907361, 1350573793, 1433925857;   [ 7 ]
[ 226 ] === 1233983202, 854428386, 1286598370, 608427746, 916768482, 689442530, 528433890, 714880226, 1529195746;   [ 9 ]
[ 227 ] === 597353187, 347838179, 1249748707, 1931525347, 1786910435, 1583274723, 150203107, 102524643, 1609416931, 1260596963, 1335939811, 1960709859;   [ 12 ]
[ 228 ] === 318653156, 280707300, 974255332, 340573924, 1753732836, 201345764, 2020432100, 1953161956, 561717988;   [ 9 ]
[ 229 ] === 744846053, 680720613, 2077643493, 1207774949, 479834853, 1069774565, 315813605, 1572276965;   [ 8 ]
[ 230 ] === 1036772582, 6555366, 76764902, 668170982, 1914500838, 2048017638, 1891363558, 788380902, 1046741222;   [ 9 ]
[ 231 ] === 1995061991, 67744487, 1397849319, 1898152167, 2025753319, 2003980519;   [ 6 ]
[ 232 ] === 1818128616, 1438507752, 862372072, 1045251304, 2083955432, 574620392, 870305000, 1242608872;   [ 8 ]
[ 233 ] === 377534697, 192499433, 703354089, 1517358825, 1261227241, 893623017, 869940457, 1147198697, 107939561, 40610537, 1255179497, 756898537;   [ 12 ]
[ 234 ] === 38301418, 1018376938, 961135338, 861746410, 1470796522, 1564003050, 1374600938, 610486506, 452456682;   [ 9 ]
[ 235 ] === 827873515, 195986667, 38199531, 1632565483, 737582315, 1196153579, 1219933931;   [ 7 ]
[ 236 ] === 705605356, 998171884, 2116545772, 1386214636, 1578716908, 1021784812, 474613996, 1780695788, 1649760492;   [ 9 ]
[ 237 ] === 1043880685, 1035911917, 1140624109, 1075669741, 159999213, 228217069, 461152493, 1907895021, 861109485, 786039021;   [ 10 ]
[ 238 ] === 1464150254, 1387908846, 1574486766, 103087854, 1280982766, 604969710, 1820432110, 1016499950, 1584008430, 1579952366, 1262486766, 737703662, 2037770478, 1548348142;   [ 14 ]
[ 239 ] === 1137215215, 2111853295, 236126447, 1761855727, 2096819439, 1379803375, 1883555567, 612203759, 1663568111, 442982639, 933596911, 16922351, 1868423919, 136495343;   [ 14 ]
[ 240 ] === 1656486128, 2132587760, 1725868784, 1045552368, 1156565744, 928140528, 392035568;   [ 7 ]
[ 241 ] === 1789065969, 1541787377, 978610417, 913454833, 1448703729, 382697713, 1469834481;   [ 7 ]
[ 242 ] === 601854194, 192713458, 487191794, 1289511154, 332702450, 1561812722, 415675634;   [ 7 ]
[ 243 ] === 67966707, 243253491, 2049197811, 738647283;   [ 4 ]
[ 244 ] === 548048628, 621734132, 2069157620, 2132719348, 2113690868, 29860596, 1142930164, 445080308, 500618996;   [ 9 ]
[ 245 ] === 1696549109, 1916459253, 2066612981, 1322510069, 845997813, 218942709, 454806773;   [ 7 ]
[ 246 ] === 329052918, 967108342, 1845299958, 1598171894, 231602422, 1876855542;   [ 6 ]
[ 247 ] === 163892983, 1480832247, 1912802551, 513912055, 713355511, 692458743, 1122336503;   [ 7 ]
[ 248 ] === 1829878520, 1227477752, 1514722040, 74061048, 73831160, 1675644664, 859310840, 349121784, 1478705400, 263043320, 1565306616, 270754552, 2103318776, 1875335928;   [ 14 ]
[ 249 ] === 2059472633, 1173369081, 773748473, 2081572601, 1145151225, 831768825;   [ 6 ]
[ 250 ] === 2075331834, 1386353914, 1073255162, 1725663994, 529235706, 435482362, 339980538, 1950148346, 670752506, 570073850, 463480570;   [ 11 ]
[ 251 ] === 532072699, 301397243, 1538532091, 1685622011, 2105342203, 220282619, 1169442043, 502390523, 882160379, 1036140795, 1918502651, 1102520059;   [ 12 ]
[ 252 ] === 542955260, 845318908, 1187797756, 1571825916, 1590105340, 2077211388, 332266748;   [ 7 ]
[ 253 ] === 160715005, 1666459389, 98760957, 1453298941, 1216803069, 991505661, 1396342013, 674402557, 1910300925, 745425661;   [ 10 ]
[ 254 ] === 334335742, 1148521726, 541909246, 229150462, 814651134, 837277950, 460552958, 2135693054, 1002564350, 1708403454, 922802942, 1752327934, 1075259134, 318333694, 1018041598, 1151297278, 1251300606, 1469348094;   [ 18 ]
[ 255 ] === 382402303, 1749963007, 1915804415, 73070847, 619175679, 1270551295, 475122431, 1554430207, 1129707775, 1908681983, 928682751, 1330301183, 951426815, 424238335;   [ 14 ]
[ 256 ] === 76198656, 1127167744, 773446912, 498777856;   [ 4 ]
[ 257 ] === 748139265, 1951761153, 165418241, 2846977, 1401262337, 2028720897, 1845636353, 1984498433, 524305153, 941804289, 2001100545;   [ 11 ]
[ 258 ] === 593333506, 1198900994, 910492930, 1405097218, 217010946, 1209597698, 672563970, 1012836610, 305197314, 428903682, 1647149314, 337453826, 855636226;   [ 13 ]
[ 259 ] === 419708675, 2065010947, 1306766083, 1130543363, 1049561859, 943116035, 1137638147, 70788355;   [ 8 ]
[ 260 ] === 215487236, 2075699972, 1268374276, 1644730116, 1981208324, 1823089412, 1285228804;   [ 7 ]
[ 261 ] === 973365509, 849876229, 1889537797, 1186994949, 1389867269, 2086206725, 859484421;   [ 7 ]
[ 262 ] === 1756730118, 1965381894, 632968966, 1717807878, 291789062, 1896073990, 51245830;   [ 7 ]
[ 263 ] === 1772954887, 562390279, 660916487, 1304811783, 292423943;   [ 5 ]
[ 264 ] === 175627016, 136416008, 1498119944, 1298484488, 1818984200, 71185160, 421101832, 2026929416, 1347584264;   [ 9 ]
[ 265 ] === 1902076169, 571647241, 1656541449, 1140579593, 94097161, 2023762697, 1516266761, 2113903881, 1911165193;   [ 9 ]
[ 266 ] === 904930058, 2146410762, 1217038602, 345367818, 1450956042;   [ 5 ]
[ 267 ] === 2128745227, 2021912843, 1612270347, 387451659, 1605908235;   [ 5 ]
[ 268 ] === 1232334604, 1661299468, 2100731660, 306980108, 1336189196, 16570124, 61755148, 1727671564, 922883852, 625040140, 639806732, 1545032460;   [ 12 ]
[ 269 ] === 274396429, 1927818509, 1195945229, 1988180237, 1085206797, 518434573, 1435218189, 1633938701, 372160269, 1761250573, 1265122573, 1319041805, 521035021;   [ 13 ]
[ 270 ] === 108320526, 44979982, 1106418446, 1256772878, 1265989390, 281276174, 587833102, 256031502, 159037710, 1245466382, 956134158, 1473442062;   [ 12 ]
[ 271 ] === 1322850063, 125544207, 601110799, 2085694223, 1330961679, 726764303, 1386615055, 294110991;   [ 8 ]
[ 272 ] === 1956021008, 1566626064, 1647190800, 203684112, 549387536, 955701520, 1566586128, 575705360, 819827984, 307571472, 324763920, 1982275856;   [ 12 ]
[ 273 ] === 256748305, 1017900305, 48522001, 523437329, 1598527249, 736581905, 86635281, 62361873, 1091854097, 1718500113, 1189544209, 1569115921, 499429649, 1722060049;   [ 14 ]
[ 274 ] === 346780946, 568388370, 908835090, 420376850, 811507986, 507611410, 1402961682;   [ 7 ]
[ 275 ] === 730081555, 1424415507, 1675439379, 427107603, 749217043, 356228371, 2089816339, 2112255763;   [ 8 ]
[ 276 ] === 294833428, 233694996, 184320788, 1690075412, 1042080532, 1609446676, 1222343444, 863043860, 1304438548, 374138644, 132629780, 764851988, 657103124, 200747796;   [ 14 ]
[ 277 ] === 53404949, 1334600469, 363304213, 1369893141, 2118801173, 1434322197, 1930772757, 1447267605, 1244316437;   [ 9 ]
[ 278 ] === 1255961878, 1052820758, 2113953046, 309572886, 806176022, 1550692118, 28648726, 1636750614, 981766422, 1764892438, 272312086, 2137390358, 1812282134;   [ 13 ]
[ 279 ] === 736077591, 318984471, 2041641751, 659347223, 760682775, 506959639, 461273879, 425245975, 1914544919;   [ 9 ]
[ 280 ] === 1816792856, 2087796504, 63980824, 1145357080, 104451352, 787660056, 189409560, 302116632, 1994320152, 1843993368;   [ 10 ]
[ 281 ] === 480733465, 1191566617, 763148569, 411826969, 1534230297, 1626276121;   [ 6 ]
[ 282 ] === 2132764442, 563436826, 1154073370, 1942481690, 1038828826, 1131352346, 242588954, 690367770, 1269400346, 1343606042, 1272469786;   [ 11 ]
[ 283 ] === 2084583195, 1354321179, 957873435, 1496216347, 1539847451, 1813908251, 869439259, 764324635, 80329499, 1702943003, 1702022939, 848934683, 337745691, 35005211;   [ 14 ]
[ 284 ] === 590721820, 1921248540, 76810012, 419481884, 360022300, 1090099484, 1830539036, 1605894428, 1409959708;   [ 9 ]
[ 285 ] === 1468759325, 1190497565, 1906536221, 1263580957, 1777322269, 115000093, 300719389, 661362461, 1580744477, 1901540637, 1656527645, 310242589, 830365981, 987706141, 146533149;   [ 15 ]
[ 286 ] === 1612071710, 1973914398, 678006046, 445968158, 601698078, 2016747294, 910053150, 1829197086, 1559473950, 1642663198, 1947867422, 1713258270;   [ 12 ]
[ 287 ] === 1696253215, 939882271, 1922265375, 963964191, 1287859999, 1989806367, 860516127;   [ 7 ]
[ 288 ] === 1659861792, 653635872, 1974423328, 1804817184, 65339680, 656184096, 461780768, 577721120;   [ 8 ]
[ 289 ] === 470949153, 465864481, 1307964193, 32321825, 1949378337, 2094613281, 217871137, 511702305;   [ 8 ]
[ 290 ] === 1684692770, 693807394, 174305058, 2024516898, 906183458, 1665728802, 1903409954, 1736491298, 1691449122, 530498338;   [ 10 ]
[ 291 ] === 45276451, 1299561763, 1808851235, 1323199267, 1573715235, 1360478499, 380390179, 1987231011, 515530019;   [ 9 ]
[ 292 ] === 798936868, 807319332, 870923556, 112718116, 902411556, 364531492, 343886628, 1468519716;   [ 8 ]
[ 293 ] === 1006777125, 1612548901, 889575205, 1943679781, 1659373349, 1799560997, 700108581, 1131176229;   [ 8 ]
[ 294 ] === 604832038, 976012582, 813920038, 1953583398, 262021414, 109967654, 1547449638, 896172326, 1438296358, 2000033062;   [ 10 ]
[ 295 ] === 1101354279, 571876647, 1577718055, 1555985191, 1335714087, 919191847, 617409831, 50365223, 1076270887, 1810998055, 1510574887, 1076919591, 1144522535;   [ 13 ]
[ 296 ] === 285682472, 153845032, 523465512, 1781882152, 876085544, 390868264, 1121608488, 1987235624, 158136104;   [ 9 ]
[ 297 ] === 768356649, 1880074537, 872358697, 364319529, 1892066601, 596516649;   [ 6 ]
[ 298 ] === 1500758826, 2132114218, 1833245482, 1164585770, 1909443370, 1198911786, 1189914410, 978053418, 1684677418, 11671338, 1527622954, 1857756970;   [ 12 ]
[ 299 ] === 345786667, 1402923307, 849399083, 55519019, 29809451, 1923775275, 320062251, 1456139563, 888830763, 1282291499, 386839851;   [ 11 ]
[ 300 ] === 765268780, 742949164, 2138328364, 398068012;   [ 4 ]
[ 301 ] === 640711981, 1835127597, 1077706541, 1810015533, 940443437, 1449089325, 554938157, 128419117, 1219015469, 1194559277, 1758179117, 478307629, 649022765, 703550253, 328298285;   [ 15 ]
[ 302 ] === 222549294, 1468854062, 197277486, 509643566, 422449966, 1119667502, 366420782, 1927203630, 1628846894, 810411310, 619480878, 1389079342, 278722862;   [ 13 ]
[ 303 ] === 1633238319, 1522170159, 379910959, 7047983, 2122801455, 1399874863, 1694860591, 1717295407, 856979759, 251243823, 404259631, 1892430639, 1498617647;   [ 13 ]
[ 304 ] === 104023856, 916350768, 2070199088, 1508918064, 1600766768, 397977904, 2037335344, 698312496, 61101360;   [ 9 ]
[ 305 ] === 1256524081, 1561669937, 1931101489, 311524657, 1926228785, 806517553, 1861853489, 1255251761, 875470641, 659067697, 134591281;   [ 11 ]
[ 306 ] === 914453810, 870376242, 945359154, 1715159346, 585733938, 413575986, 688852786, 1131884850, 1291554098, 1494613810, 635723058;   [ 11 ]
[ 307 ] === 205523763, 337554739, 382926131, 368046387, 822514995, 1705632563, 856363827, 35756851;   [ 8 ]
[ 308 ] === 1021412660, 1736709428, 1310062900, 378342196, 1182595892, 692842292, 1101457716;   [ 7 ]
[ 309 ] === 2079943989, 1029322037, 106242869, 1166437685, 2117303605, 2416949, 1266235189;   [ 7 ]
[ 310 ] === 1692534070, 802216246, 1680615222, 1634296630, 1945891638, 1812718902, 1450573622;   [ 7 ]
[ 311 ] === 2020940087, 1321268023, 2057918263, 2066148151, 1640272695, 265939255, 383174967, 486006071, 309667127, 44804919, 1322623287, 1708302647;   [ 12 ]
[ 312 ] === 344130872, 1625315128, 695991608, 217161528, 1015857464, 1395235128;   [ 6 ]
[ 313 ] === 196285753, 1093508921, 1300595513, 186015033, 981512505, 219994425, 1154615609, 752704313, 1209734969;   [ 9 ]
[ 314 ] === 1765530938, 1222827834, 1836997946, 384696634, 1131189562, 1794292538, 1982945082, 1927495994, 1975960378;   [ 9 ]
[ 315 ] === 1680949563, 26262331, 55002427, 1276977467, 1233214779, 489523515, 1906423611, 1277392187, 1637840187, 1386510139, 190113083, 93189435, 157272379, 740759355, 1231192379;   [ 15 ]
[ 316 ] === 1210911548, 1737386300, 1307510076, 991742780, 783387964, 20336956, 984124220, 603570492, 2053999932;   [ 9 ]
[ 317 ] === 1008057661, 219147069, 1456575805, 1863967037, 31797565, 1457880381, 1390865725, 100669, 476564285, 2084420925;   [ 10 ]
[ 318 ] === 278058814, 1069142334, 2000456510, 903633726, 1051527998, 1367743294, 1172895038, 1219377470, 162403134;   [ 9 ]
[ 319 ] === 782091583, 1599534911, 1187337023, 243444543, 442357055, 1855103807, 1608959295, 150517567;   [ 8 ]
[ 320 ] === 1666662720, 1439972672, 1073492800, 2050211136, 1430123840, 2075548480, 1050760512, 690471744, 204428608, 1005418816;   [ 10 ]
[ 321 ] === 489509185, 709691201, 1951817537, 593441089, 663091009, 1743768897, 1736214337, 1309398337, 631340353, 1237979969, 6072641;   [ 11 ]
[ 322 ] === 1521802050, 1690127682, 7684930;   [ 3 ]
[ 323 ] === 1402182467, 2017117507, 179946307, 188800835, 189258051, 1361478979, 1810821955, 2120741187, 752064835, 1956297539;   [ 10 ]
[ 324 ] === 1325366596, 1201885508, 1065533764, 1818150212, 237140292, 524135236, 964263748, 2006811972;   [ 8 ]
[ 325 ] === 1040229189, 684110661, 735001925, 1408564037, 1542537541, 1229939013, 2054306629, 1559382853, 1900553541;   [ 9 ]
[ 326 ] === 1820445510, 1719005510, 1672289094, 1615080262, 1556462918, 582513990, 1458757446, 1295815494, 1967513926;   [ 9 ]
[ 327 ] === 454235975, 1914635591, 1731812679, 399403847, 186391879, 1492586311, 196095815, 266222407, 781098823, 1470332231;   [ 10 ]
[ 328 ] === 279204680, 65509192, 827592008, 1930644296, 1030121288, 660420424, 1401943880, 1081029448, 988506952, 1371499336, 552473416, 160051528;   [ 12 ]
[ 329 ] === 75276617, 892403529, 206496585, 1217415497, 542090057, 1208744777, 627992393, 1414647625, 1369321801;   [ 9 ]
[ 330 ] === 178814282, 626138954, 2120279370, 345705290, 1509940042, 854155594, 915736906, 298501962, 1078898506;   [ 9 ]
[ 331 ] === 212409675, 200996683, 1829724491, 2006777163, 1424627019, 220510539, 1183912267, 1000372555, 1476453195, 1130698571, 439493451;   [ 11 ]
[ 332 ] === 95969100, 805274956, 611761996, 133656396, 1439140172, 712786252, 2026366796, 991901004, 1438865740, 1814634316, 2033261900, 1289547084, 550245196, 1369356620, 1788014412, 1782280524, 1665947468;   [ 17 ]
[ 333 ] === 1733898061, 747040077, 1606193485, 832077645, 724025165, 1720185677, 590335821, 262692685;   [ 8 ]
[ 334 ] === 924774222, 2033018190, 1782648142, 386753870, 1631596366, 2064945486, 1886086990, 159259470, 352118606;   [ 9 ]
[ 335 ] === 1991504719, 929783631, 657150799, 207222095, 228698447, 130644815, 1073881423, 901211983, 53476175, 1032684367, 388450127, 1803602255, 1242990415, 1472576335, 889023311;   [ 15 ]
[ 336 ] === 1247291216, 2080779600, 329370448, 1760281936;   [ 4 ]
[ 337 ] === 425380177, 639761745, 1339173201, 224048977, 421825361, 524688209;   [ 6 ]
[ 338 ] === 601509202, 376990546, 527386450, 1746283858, 257164626, 878786386, 1991241042, 1844967250, 620529490, 251836754, 2108785490, 1279820114, 1143849810;   [ 13 ]
[ 339 ] === 252692819, 1827524435, 1471690579, 372758355, 2022337363, 1134040403, 1297046355, 1371570003, 1435001171, 1848520019, 1411154259, 726371155;   [ 12 ]
[ 340 ] === 895610196, 840536404, 1025042772, 1607774548, 1954696532, 1264095060;   [ 6 ]
[ 341 ] === 1914711381, 939509589, 2065542485, 254980437, 865945941, 1006071125, 1655224149, 1201162069, 1857300821, 67874133;   [ 10 ]
[ 342 ] === 319308630, 605624150, 920670038, 852087126, 610506582, 932862806, 1738110294, 873524566;   [ 8 ]
[ 343 ] === 720875351, 758479703, 1865987415, 1123598167, 1614718295, 2123987799, 1041356631, 584522071, 246247255;   [ 9 ]
[ 344 ] === 168420696, 1758781272, 271826264, 145376088, 1104933720;   [ 5 ]
[ 345 ] === 687217497, 1588673369, 686714201, 1108199257, 30874969, 280981337, 1700217177, 1954771801, 1048938329, 1750003033;   [ 10 ]
[ 346 ] === 1296793946, 1689567578, 2142447450, 865845082, 308424538, 276217690, 1954515802, 754963290, 371591002, 2047140186, 1763360602, 2124898138, 671068506, 1028363610, 1259577690, 931489114, 1656478042, 861021530;   [ 18 ]
[ 347 ] === 1851876699, 1692064091, 1383960411, 1675365723, 905039195, 1776088411, 1686518107, 2053232475, 1280311131, 1707746139;   [ 10 ]
[ 348 ] === 1033541468, 1706701148, 1277970780, 1142699356, 995234140, 1789376348, 971899228, 364228444;   [ 8 ]
[ 349 ] === 2701149, 420544861, 1244624221, 570240349, 997191005, 689034589, 1683673949, 745792349, 343945053, 2106914653, 1653377373;   [ 11 ]
[ 350 ] === 2042122590, 1923933022, 950777694, 1982908766, 1924264286, 1676314462, 167368542, 1558581086, 825726814, 150122846;   [ 10 ]
[ 351 ] === 1711100255, 612490591, 1711089503, 1538128223;   [ 4 ]
[ 352 ] === 1777381216, 845630304, 1613950304, 1087638368, 47610720, 1657262432, 1171142496, 949784416, 309766496, 1922757472, 1396005216, 113974112, 1737518944;   [ 13 ]
[ 353 ] === 1392537953, 1915664225, 1349029729, 1455252833, 1340157793, 1640170337, 1566369633, 257675105;   [ 8 ]
[ 354 ] === 641440610, 852539234, 912669538, 1151572322, 326551394, 2006138722;   [ 6 ]
[ 355 ] === 1733264227, 866396003, 2130324323, 512056675, 316554595, 847915875, 2104001379, 1684259683, 541110115, 1451042659, 1646478179, 1760243555;   [ 12 ]
[ 356 ] === 973472612, 917073764, 1330625380, 1515607396, 55119204, 179486052, 1362243428, 99568484, 1424321892, 653448036, 1373226340, 112805732;   [ 12 ]
[ 357 ] === 1226918245, 945229157, 625288549, 463079269, 1115917669, 75191653, 1727952741, 1943003493;   [ 8 ]
[ 358 ] === 985072486, 1886873446, 1154499430, 2014126950, 1656951142, 652996966, 1209379174, 962980710, 1779451238, 430253414, 1277849958, 1315634022;   [ 12 ]
[ 359 ] === 1968487783, 1124220263, 1535589735, 726277479, 266795367, 1918386023, 1060494695, 395279207, 1204462951, 84353895, 1804289383;   [ 11 ]
[ 360 ] === 1762680168, 1620866408, 607546728, 1118520168, 446058856, 1066908520, 1452573032, 2102497640, 302905192, 1110980456, 285830504, 729568616, 1992865128, 1840019304, 1671581032, 1582152040, 2009726312;   [ 17 ]
[ 361 ] === 681079145, 957709673, 468431721, 1018014057, 121248617, 1197182313, 1762924393, 1043388777, 1899058025, 1739000681, 1635905385;   [ 11 ]
[ 362 ] === 323944298, 508975978, 1204376426, 351205738, 1036001642, 353056618, 236616554, 136135018, 1953534826, 1953197930, 717293418, 915711850, 2059344234, 962033002, 241909610, 1197352298;   [ 16 ]
[ 363 ] === 399540075, 1389665131, 724148075, 242660715, 1956428651, 1417126763, 12692331, 1848096107, 627510635, 1374344043;   [ 10 ]
[ 364 ] === 2055201132, 49211756, 543326572, 1032566124, 1182176620, 1999337836, 454416748, 1155722604, 588219756;   [ 9 ]
[ 365 ] === 1290957677, 825312109, 378770797, 333359469, 486363501, 1483332973, 1543755629;   [ 7 ]
[ 366 ] === 656635246, 835022190, 1615755630, 1375552878, 188510062, 1934657902, 1723705710, 1749757806, 543906158, 1173002606, 278450030;   [ 11 ]
[ 367 ] === 580268399, 1698636143, 1239547247, 1063765871, 972605807, 1760481135, 213975407;   [ 7 ]
[ 368 ] === 1483469168, 2103540592, 2142010736, 1475645296, 1597848432, 1941727088, 1622597488;   [ 7 ]
[ 369 ] === 1383491953, 1611416945, 1043353969, 1672466289, 1325827441, 1846162289, 1942024561, 170253681, 274325361, 1204275569;   [ 10 ]
[ 370 ] === 277769586, 1671157106, 1047919986, 203030386, 1247412082, 394633074;   [ 6 ]
[ 371 ] === 2103688051, 1126260595, 1593694067, 472548211, 1831588723, 158374771, 1784051571, 846667123, 76277107, 240854387, 14989683, 6939507, 289700723;   [ 13 ]
[ 372 ] === 528746868, 158303604, 1478326644, 1655027572, 592962932, 394709364, 1928189300;   [ 7 ]
[ 373 ] === 255056757, 782630773, 1680476021, 1836208501, 2018462069, 152059765, 1691643253, 2039199093, 2016408437, 1550101877, 959997301;   [ 11 ]
[ 374 ] === 1205142902, 286289270, 602569078, 38649718, 833215350, 1968217462, 2025187190, 336465782;   [ 8 ]
[ 375 ] === 1579524471, 1189153143, 856196471, 641321335, 1437046647, 1823025015, 1374631287, 1143195511;   [ 8 ]
[ 376 ] === 534186872, 842198392, 1904251768, 1260995960;   [ 4 ]
[ 377 ] === 109987193, 843180921, 2110750073, 982302073, 1129709433, 966071161, 1063880569, 1508976505, 1091714937, 1926411641, 1020406649, 970925433, 990892921;   [ 13 ]
[ 378 ] === 1209425786, 1375869818, 27553146, 2043588474, 592561018, 1132205946, 474960250, 504760186, 318322042;   [ 9 ]
[ 379 ] === 1864272763, 22557051, 45299067;   [ 3 ]
[ 380 ] === 515814780, 1920703868, 1919655804, 644834684, 2004187516, 677870460, 1687926652;   [ 7 ]
[ 381 ] === 1835905917, 1854894461, 2054525, 1559436157, 535286141, 765326717;   [ 6 ]
[ 382 ] === 375518078, 1489435518, 1084147070, 2146753918, 1635654526, 208591742, 481387902, 1090438014, 1788986238, 438485374, 582972798, 87522686, 578187134, 93155710, 19485054, 846942590, 915256190;   [ 17 ]
[ 383 ] === 2145406847, 1652061567, 1667674495, 2023334271, 1117661055, 1838177151, 190833023, 1560307071, 646755199, 1789366143;   [ 10 ]
[ 384 ] === 1511117184, 1021432192, 589306240, 715577216, 1735079296, 1156541312;   [ 6 ]
[ 385 ] === 2019217281, 2078175617, 850377601, 481928577, 802205057, 983631233;   [ 6 ]
[ 386 ] === 210576770, 2041824130, 843886978, 2044082050, 436359554, 1415431554, 96198530, 883799426, 213952386, 1061730690, 396473730, 42999170;   [ 12 ]
[ 387 ] === 824765827, 553596803, 168488323, 1745693059, 850382211, 593443203, 242639747, 1891342723, 991039875, 1974806403;   [ 10 ]
[ 388 ] === 987253124, 1775428484, 1376539012, 1015322500, 984953220, 284665220, 566112132, 1989352324, 1560890244, 2114937732, 1501252996;   [ 11 ]
[ 389 ] === 1024875909, 2086888837, 1284263301, 1374330757, 833195397, 473431429, 1367480709, 1367858053, 346502533, 1624064901, 310273413, 556707205, 1245036421;   [ 13 ]
[ 390 ] === 1402907526, 1442684294, 1411463558, 1092771206, 1940599174, 1578037126, 1035839366, 246088582, 461851014, 987987334, 1344247686, 1295166342;   [ 12 ]
[ 391 ] === 817922951, 625017223, 446041991, 423399815, 2031004039, 1743131527, 1162824071, 1981393799, 990526343, 1833488263, 716334471;   [ 11 ]
[ 392 ] === 412040584, 774318984, 339193736, 1418468232, 4537736, 1069117832;   [ 6 ]
[ 393 ] === 1536359305, 433573769, 1845207433, 1753744777;   [ 4 ]
[ 394 ] === 2123044746, 1591644042, 1158671754, 1227586442, 625728906, 2141153674, 100603786, 1998994314, 507578762, 1489001354, 1867107722, 1500474762, 1977648522;   [ 13 ]
[ 395 ] === 731571083, 361261451, 353592203, 753959819, 1650994571, 1985433483;   [ 6 ]
[ 396 ] === 1537467276, 2065566092, 1225708428, 2041984908, 1493649292, 560711564, 1440106892, 284327308, 296528780, 771476364, 371653516, 1679895436;   [ 12 ]
[ 397 ] === 766527885, 123043725, 1200977805, 305564045, 1835342733, 379366797, 411522957, 70636429, 1726956429;   [ 9 ]
[ 398 ] === 1778818446, 1736034190, 1759592334, 2079611790, 488663950, 620145550;   [ 6 ]
[ 399 ] === 2146220943, 1477171087;   [ 2 ]
[ 400 ] === 1185037200, 624443280, 1035244944, 1514346896, 888017808, 2092083088, 1924200848, 531352976, 957426576, 203845520, 936621968, 816976784, 1281944976, 573666704;   [ 14 ]
[ 401 ] === 1701243281, 999114641, 1769759633, 576556433, 566417809, 1533499281, 1677157265, 553918865, 680007057, 769304465, 1376035217;   [ 11 ]
[ 402 ] === 1337904018, 487351186, 2137226130, 257620370, 355126162, 1397208466, 356341138, 1301053842, 603123090, 365862802;   [ 10 ]
[ 403 ] === 893333907, 966491027, 572561811, 2133626771, 127340947, 596727699, 1328104339;   [ 7 ]
[ 404 ] === 189059476, 946638228, 1042254228, 1213877140, 1561006484, 1444311956, 780821396, 660260756;   [ 8 ]
[ 405 ] === 2088058261, 1543260053, 998126997, 1992434581, 1447315861, 247906197, 200501653, 324323221, 709163925, 1083189141, 813823381, 39848341, 215341973, 145186709, 500037525;   [ 15 ]
[ 406 ] === 1276234646, 882263958, 1751062934, 660343702, 922587542, 1987323286, 1887658390, 760313750;   [ 8 ]
[ 407 ] === 723445143, 957333399, 1562478999, 1322633623, 78374295;   [ 5 ]
[ 408 ] === 1535321496, 950038936, 978220440, 693866392, 1036869528, 1322710936, 1988714904, 1908518808;   [ 8 ]
[ 409 ] === 928657817, 151984537, 1201505177, 1487223193, 300248473, 817482649, 300819353, 2077837209, 701943705, 1659239833, 894869401, 817572761, 1682085273;   [ 13 ]
[ 410 ] === 150084506, 358854042, 841365914, 2057337242, 382926234, 1308202906, 775056794, 1801979802;   [ 8 ]
[ 411 ] === 1778219419, 1147388315, 1972122523, 1492469147, 1218200987, 1423524763, 1804765595, 1155465115, 845563291, 126401947, 2130794395;   [ 11 ]
[ 412 ] === 328342428, 1703610268, 1975402908, 500257692, 2021303708, 1250801052, 279121308;   [ 7 ]
[ 413 ] === 708443037, 21363101, 322044317, 924839325, 1123716509, 655154589, 1680687005, 1172063133, 333293469;   [ 9 ]
[ 414 ] === 1915163038, 1238504350, 593114526, 770361246, 568275358, 1001089438;   [ 6 ]
[ 415 ] === 806861727, 2032417183, 1563918751, 789373855, 558410655, 126183327, 777134495, 885420959, 1440934303, 776624031, 1651675551, 1934392735, 468703135;   [ 13 ]
[ 416 ] === 911622560, 1459263904, 773058976, 943471008, 1664353696, 1851164576, 1314586528, 735194528, 1896236448, 757950880, 541279136, 568122272, 1307565984;   [ 13 ]
[ 417 ] === 1164107681, 1962928545, 1677654945, 861798817, 1793895841, 966618017, 405341089, 1336194465, 505185185, 1989200801, 472131489;   [ 11 ]
[ 418 ] === 449549730, 1588677538, 253655458, 773506466, 1340321698, 1451163042;   [ 6 ]
[ 419 ] === 506060707, 1326206371, 1034167715, 68801443, 1764756387, 987059619, 1214790563, 354367395, 1704841123, 550804899, 992028067, 159473059, 1950955939;   [ 13 ]
[ 420 ] === 2126966692, 1769789348, 821985700, 1572255140, 554290596, 1372261796;   [ 6 ]
[ 421 ] === 801013669, 748515749, 218474917, 1613393829, 1616757669, 1317875109, 1719506853, 256363941, 1175526309, 624549797;   [ 10 ]
[ 422 ] === 381831590, 287910310, 1780419494, 1221197734, 1028616614, 103827878, 113658790, 46811558, 576724902, 892335526;   [ 10 ]
[ 423 ] === 892723111, 2065353127, 1381543847, 1767405991, 1759726503, 1135771559, 216588711;   [ 7 ]
[ 424 ] === 1657617320, 250198952, 8285608, 1102713256, 184794536, 1179529128, 554602408, 849725352, 1396918184, 699460008, 1707056552, 364686248, 155789224, 238962600;   [ 14 ]
[ 425 ] === 745863593, 1819626409, 2079161257, 1650076585, 505492905, 1475295657, 1054873513, 665680297, 1396768681, 1346811305;   [ 10 ]
[ 426 ] === 1036599722, 1314358698, 2058953642, 1926585258, 352964522, 1502774186, 813465002, 282828202, 1012502954;   [ 9 ]
[ 427 ] === 1443491243, 1722454443, 297510827, 815774123, 529302443, 1196774315, 1987519915, 1683932587, 460686763, 937558955, 2069110699, 149798315, 1350490027;   [ 13 ]
[ 428 ] === 159897004, 1830992300, 1744161708, 614340012, 1853101996, 1140384172, 1380171692, 1671294892, 1869470124;   [ 9 ]
[ 429 ] === 277344685, 332682669, 2035586989, 1445546413, 363316653, 879683501, 959658925, 552910253, 824272813;   [ 9 ]
[ 430 ] === 1145999278, 2000682414, 258129326, 1791455662, 1932062638, 103822254, 2132688302, 745598382;   [ 8 ]
[ 431 ] === 561900975, 1848626607, 1008620975, 837626799, 2017881519, 1909850543, 12895151, 559301039, 2058657199, 654887343;   [ 10 ]
[ 432 ] === 466686896, 284122032, 212528560, 1787189168, 1233114544, 1756098480, 262178224;   [ 7 ]
[ 433 ] === 1914990513, 1265426865, 575938993, 449420721, 172154289, 1099358641, 1554567089, 1750547889, 1815754673, 185963953, 2114738097;   [ 11 ]
[ 434 ] === 2030108594, 324591026, 1730441138, 1700313522, 1004642738, 111387570, 1976714674, 1098193842, 1894519218, 434248626;   [ 10 ]
[ 435 ] === 1870464947, 14523315, 305385907, 232787891, 1722844083, 54350259, 1242907571, 909197235, 2044554163, 1566288819;   [ 10 ]
[ 436 ] === 1787643316, 1877057460, 1771358132, 20084148, 1840735668, 1199311796, 2026478004, 95275444, 195740084;   [ 9 ]
[ 437 ] === 2013726645, 1870701493, 1606600117, 1785252277, 1280931765, 551008693, 198628789, 1412277685, 933110197, 1432114613;   [ 10 ]
[ 438 ] === 1244683190, 1865036214, 2122533302, 1793891254, 331557302, 167793078, 1929452470, 574596534, 2086963638, 286448566, 1158381494, 1503885238;   [ 12 ]
[ 439 ] === 186297783, 1174928311, 1911445431, 1110304183, 1403997111, 147775927, 466747319, 680634295, 279527351, 113766839, 1131761079, 1880346039, 1675575223, 774044599, 1125898167;   [ 15 ]
[ 440 ] === 1121948088, 1478633400, 915989944, 1893244856, 926440376, 1476492728;   [ 6 ]
[ 441 ] === 519102393, 1594643385, 978128825, 1017565625, 396377017;   [ 5 ]
[ 442 ] === 1946855866, 1780295098, 269026234, 1033206202, 108375482;   [ 5 ]
[ 443 ] === 140210619, 1600229307, 2030681019, 1423887803, 1680691643, 2067247035, 1476153275;   [ 7 ]
[ 444 ] === 1058415548, 710231996, 1248107964, 1351777724, 330546620, 212295100, 929588156, 441767868, 1186090428, 706043324;   [ 10 ]
[ 445 ] === 1320232381, 811545533, 1595866557, 171029949, 1041655229, 1989833661, 317992893, 202029501, 1396028861, 104221117, 1655035325;   [ 11 ]
[ 446 ] === 119570878, 187161534, 842566590, 1176256958, 1038453694, 1963920830, 751148990, 1276192190, 1728671166, 610564030, 1122551742, 711645630, 722308542, 402724286;   [ 14 ]
[ 447 ] === 264299455, 54625727, 1270186431, 408691647, 1584251327, 1024027583, 1210359231;   [ 7 ]
[ 448 ] === 388813760, 729290176, 1690815424, 1827723200, 61535680, 1654435776, 855320512, 1597272000, 1669475776, 932026304;   [ 10 ]
[ 449 ] === 1190194625, 838733761, 636600769, 2002495425, 12260289;   [ 5 ]
[ 450 ] === 723040194, 1008457666, 592483778, 934491586, 263707074, 68728258, 454333378;   [ 7 ]
[ 451 ] === 1895359939, 274000323, 1481969091, 1979629507, 1529695171, 1108537283, 1386418627;   [ 7 ]
[ 452 ] === 2134674884, 2135962564, 123473348, 647248836, 697054660, 1805816260, 1815983044, 1818084292, 570840516, 730199492, 1943327684;   [ 11 ]
[ 453 ] === 1050310085, 925357509, 2036256709, 993683397, 76593093, 1631518149;   [ 6 ]
[ 454 ] === 901482438, 2070707654, 5631942, 733327814, 1282648518, 846930886;   [ 6 ]
[ 455 ] === 1192376263, 1255237575, 107230151, 384295879, 1022089159, 1510080967, 1047372231;   [ 7 ]
[ 456 ] === 987655112, 791396296, 571333576, 1769615304, 894964680, 1243018184, 560413640, 1616992200, 2115115464, 44470216, 895873480, 376696776;   [ 12 ]
[ 457 ] === 1043995593, 1555218377, 1856374729, 1277511625, 625321929, 1768794057, 1390598089, 2042010569, 1725138377, 1281830857;   [ 10 ]
[ 458 ] === 1323440074, 1328875978, 289924554, 840048586, 1621421514, 828321738, 78756298, 184366026, 230891466, 1600243658, 2129768394, 2026061770, 604303818, 1831545290, 955798986, 604263370, 1487105994, 1724916170, 813274570, 1186631626, 269455306;   [ 21 ]
[ 459 ] === 1532530123, 1269833163, 497905611, 332238283, 1874799051, 1398295499;   [ 6 ]
[ 460 ] === 1350534604, 1416732620, 870845388, 541082060, 720591308, 1152262092, 302935500, 524581324, 358104524, 2008532428, 65785292, 1372668364, 434290636;   [ 13 ]
[ 461 ] === 1710458317, 1202640845, 1031589325, 812426701, 503615949, 464837581, 1692713933, 1815209933, 2137100237, 841148365;   [ 10 ]
[ 462 ] === 1924227022, 272327630, 2113556942, 473903566, 1336092622;   [ 5 ]
[ 463 ] === 1610695631, 1666554831, 494220239, 1206758863, 406736335, 286791631, 129834447, 820097487, 606199759, 864101839;   [ 10 ]
[ 464 ] === 1429612496, 1062218704, 486577616, 692981712, 1896306640, 1600028624;   [ 6 ]
[ 465 ] === 219848145, 1350024145, 1818982353, 111166929, 349851601, 1273207249, 1498387409, 1003463633, 551201745, 1670372305, 616734673, 1745790417, 1376710097;   [ 13 ]
[ 466 ] === 146266066, 1838549458, 516816850, 1241258962, 1320399826, 1277278674, 138700754, 1267889618, 1089653714, 1255387090;   [ 10 ]
[ 467 ] === 1527050707, 1009771475, 234815955, 1557686227, 880492499, 1974571475, 2092720083, 379461075, 1415505363, 1756915667, 502278611;   [ 11 ]
[ 468 ] === 1217966036, 558189012, 790287828, 122155988, 770571220, 82095572, 460362196, 1178835412, 2134113236, 2033505236, 1541027284, 1590079444, 116087764;   [ 13 ]
[ 469 ] === 1923744725, 1627051477, 639286229, 636453333, 1690492373, 1404515797, 1884167637;   [ 7 ]
[ 470 ] === 1107332566, 193047510, 1381639126, 1950138326, 1097446870, 507857366, 680503766, 1628414422, 1967632854, 173506518;   [ 10 ]
[ 471 ] === 200011735, 266911191, 1967905751, 1339326423, 401473495, 1845716951, 1490549207, 619290071;   [ 8 ]
[ 472 ] === 725961688, 761267672, 401542104, 639138264, 2128349144, 510770136, 2042830296, 1163384280, 1649709016, 124666328, 255789528, 485560280;   [ 12 ]
[ 473 ] === 1165339609, 1663925721, 1327552473, 1540836825, 423401433, 1773595097, 1025125849, 1023457753, 1065311705;   [ 9 ]
[ 474 ] === 838925786, 211022298, 1246331354, 59770330, 1196748250, 1935962074, 1164465626, 1249152986, 816504794, 1111783898;   [ 10 ]
[ 475 ] === 1689672155, 726181851, 374369755, 722633179, 899334107, 689710555, 995097051, 628257755, 1594769883, 127052251, 900104667, 617909211, 1105816539, 943947739;   [ 14 ]
[ 476 ] === 528215004, 1998713308, 217704412, 1979575260, 1230674396, 177332700, 269441500, 1937477084;   [ 8 ]
[ 477 ] === 1658933213, 83821533, 1246322141, 615952861, 997276125, 1630387677, 2000419805;   [ 7 ]
[ 478 ] === 1210930142, 2035757022, 461608414, 979577822, 13798878, 1403938270, 221713886, 2033669086;   [ 8 ]
[ 479 ] === 2082177503, 825060319, 1544899551, 110341087, 1113675743, 701539807, 943190495;   [ 7 ]
[ 480 ] === 948761568, 1146810336, 2066120160, 1486235104, 709606368, 242474976, 1663080928;   [ 7 ]
[ 481 ] === 231606753, 787086305, 924279777, 1648609, 1732360161, 2010720737, 270617569, 1821115873, 1718264801, 1730418657;   [ 10 ]
[ 482 ] === 1304719330, 673321442, 141540322, 1266218466, 553574882, 1191614946, 914600930, 201407458, 1693485026, 1031207394, 547407330, 1256273378, 1254749154, 271059426, 822262754;   [ 15 ]
[ 483 ] === 883109859, 1219600867, 1391607779, 1622197219, 1450967523, 969069027, 900874211, 714481123, 1961415139, 1907712995, 413360099, 2044897763;   [ 12 ]
[ 484 ] === 1052818916, 965234660, 25314788, 359202788, 871418852, 728120804, 535297508, 335558628, 1540232676, 2122466788, 1638253540, 1292413412, 959372260, 1192707556, 1315209188, 1335354340;   [ 16 ]
[ 485 ] === 319572965, 1168535013, 1847472101, 1571865573, 2078480869, 1723578341, 1162088421, 952062949, 74552805, 1780172261, 1520223205, 1776808933;   [ 12 ]
[ 486 ] === 143178726, 1821375974, 1154349542, 1893051878, 678800870, 1681545190, 1153263590, 1077683174, 14933990, 927612902;   [ 10 ]
[ 487 ] === 18410471, 147594215, 1953433063, 1441252327, 2076334055, 1289360871, 294702567;   [ 7 ]
[ 488 ] === 500786664, 1695302120, 2128482280, 148472296, 1255035368, 1779664872, 1217196008, 346804712, 1173059560, 2067062760, 1782436840, 521595368;   [ 12 ]
[ 489 ] === 1554252777, 889096169, 909448681, 139536873, 596769257, 1669411305, 2095802345, 1607967721, 503458793, 309112297, 213801961, 2118421993, 1159126505;   [ 13 ]
[ 490 ] === 807103978, 1268308970, 1830496746, 811742698, 610515434;   [ 5 ]
[ 491 ] === 1751737835, 2011882475, 1833639403, 441145323, 291425259, 1184154091, 1891252715, 1003886059, 1131359211, 427355115, 2007905771;   [ 11 ]
[ 492 ] === 1414460396, 582187500, 1562887660, 672655340, 476667372, 625032172, 1176911340, 1411549676;   [ 8 ]
[ 493 ] === 650868717, 2026774509, 741572589, 2033126381, 829774317, 1395011053, 2137386989, 2018186733, 1268632557, 1450238957, 1095966189, 1433102829;   [ 12 ]
[ 494 ] === 623707630, 439847918, 1832162286, 1379160558, 209854446, 1368062958, 858829294, 1936060910, 1434433518;   [ 9 ]
[ 495 ] === 1558138863, 1851329519, 1544048623, 1882802159, 739068399, 755526127, 1412017135, 703955951, 298167279, 1385414639, 791698927;   [ 11 ]
[ 496 ] === 1990341616, 1884412400, 640481776, 357984240, 112028656, 320401392, 1611336688, 1859031536;   [ 8 ]
[ 497 ] === 1705812977, 545042417, 391091185, 187386865, 1254390769, 96617457, 1862558705, 861543921;   [ 8 ]
[ 498 ] === 1422146546, 1550396914, 1538776050, 419786226, 981725170, 532646386, 643520498, 951788018, 680326130, 950615538, 1984048626, 871328242, 245491186, 409098738, 682736626, 312186354, 245798898, 927376882, 1630634994, 555996658, 155324914, 783368690;   [ 22 ]
[ 499 ] === 311721459, 940694003, 575575027, 1609372147, 1181738995, 1376108019, 457615859, 297820659, 1595154931, 1089966067, 1499150323, 213213171, 586235379, 1431419379;   [ 14 ]
[ 500 ] === 1488243700, 474625012, 741957620, 1769972, 40776180, 296596980, 628974580, 1065103348;   [ 8 ]
[ 501 ] === 1230261749, 974983157, 1449508341, 1807444981, 753554421, 495375861, 829570037, 201690613, 1884661237;   [ 9 ]
[ 502 ] === 466715638, 1694830070, 1720273398, 2098579958, 364196342, 327529462, 286713846, 353511414, 1455371254, 356684278, 1617876982;   [ 11 ]
[ 503 ] === 1981223415, 965620727, 618250231, 1928219639, 788513271, 1369520631, 2074216439, 866596855, 846811127, 631704567;   [ 10 ]
[ 504 ] === 306851320, 1862875640, 1941690360, 1303455736;   [ 4 ]
[ 505 ] === 742499321, 1375189497, 1267774969, 305425913, 576279545, 1905241081, 894429689;   [ 7 ]
[ 506 ] === 930545146, 502182394, 824215546, 1645803002, 689155066, 962764794, 75245562, 1486222842, 480298490;   [ 9 ]
[ 507 ] === 1879609339, 1291319291, 1874459131, 80201211, 857746939, 1613703163, 359147515, 180785147, 1763794427, 1856669179, 317097467;   [ 11 ]
[ 508 ] === 1668455932, 339335164, 1527793660, 523782140, 1390387708, 6938620, 1141616124;   [ 7 ]
[ 509 ] === 1403384829, 2091729405, 136561149, 1438638589, 777635325, 1010764797, 96055805, 164826621, 972058109, 1272796157;   [ 10 ]
[ 510 ] === 1697144830, 1858983422, 234686974, 1452888574;   [ 4 ]
[ 511 ] === 568062975, 1688622591, 707134463, 243110911, 1970782719, 493886463, 597010431, 235745791, 471990783, 1387036159;   [ 10 ]
