[ 0 ] === 881915648, 528850816;   [ 2 ]
[ 1 ] === [ 2 ] === [ 3 ] === [ 4 ] === [ 5 ] === 408656901;   [ 1 ]
[ 6 ] === 1349763078;   [ 1 ]
[ 7 ] === 1126397063;   [ 1 ]
[ 8 ] === [ 9 ] === 856965257, 2143104137;   [ 2 ]
[ 10 ] === [ 11 ] === 1249853579, 367937931;   [ 2 ]
[ 12 ] === 1031901068, 509803916;   [ 2 ]
[ 13 ] === 1147528845;   [ 1 ]
[ 14 ] === 1985379214, 244909582;   [ 2 ]
[ 15 ] === [ 16 ] === 1984388752;   [ 1 ]
[ 17 ] === 485570321, 1367589777;   [ 2 ]
[ 18 ] === [ 19 ] === [ 20 ] === [ 21 ] === [ 22 ] === 464647446;   [ 1 ]
[ 23 ] === [ 24 ] === 564787480;   [ 1 ]
[ 25 ] === 1842306841;   [ 1 ]
[ 26 ] === 977539098;   [ 1 ]
[ 27 ] === 729720219, 641565467;   [ 2 ]
[ 28 ] === 597214620, 384490140, 1650058140;   [ 3 ]
[ 29 ] === 152424093;   [ 1 ]
[ 30 ] === 958424734, 1809571742;   [ 2 ]
[ 31 ] === 372712223;   [ 1 ]
[ 32 ] === 51911968;   [ 1 ]
[ 33 ] === 1113419553;   [ 1 ]
[ 34 ] === 1764863522;   [ 1 ]
[ 35 ] === [ 36 ] === 1812700324;   [ 1 ]
[ 37 ] === 605112229, 1278821157, 1567243557;   [ 3 ]
[ 38 ] === 1473084454, 475219750;   [ 2 ]
[ 39 ] === 851890471, 1097261223;   [ 2 ]
[ 40 ] === 1634343720;   [ 1 ]
[ 41 ] === 1586291113;   [ 1 ]
[ 42 ] === [ 43 ] === 481100587;   [ 1 ]
[ 44 ] === 1405756844;   [ 1 ]
[ 45 ] === [ 46 ] === 2145320622;   [ 1 ]
[ 47 ] === 1860566575, 1562864047;   [ 2 ]
[ 48 ] === 2009773104;   [ 1 ]
[ 49 ] === [ 50 ] === 741415346;   [ 1 ]
[ 51 ] === [ 52 ] === [ 53 ] === 1787330101;   [ 1 ]
[ 54 ] === [ 55 ] === 478751031, 1151467703, 1926844855;   [ 3 ]
[ 56 ] === [ 57 ] === 124286009, 1894218809;   [ 2 ]
[ 58 ] === 386414778, 989865018;   [ 2 ]
[ 59 ] === 434042811;   [ 1 ]
[ 60 ] === [ 61 ] === [ 62 ] === 1006513982, 496811710;   [ 2 ]
[ 63 ] === 1179797055;   [ 1 ]
[ 64 ] === [ 65 ] === 2060499905, 55321025, 873132225, 173383489;   [ 4 ]
[ 66 ] === 1951733698, 1738826690;   [ 2 ]
[ 67 ] === [ 68 ] === 1045888068;   [ 1 ]
[ 69 ] === [ 70 ] === [ 71 ] === 397232199, 2000322759, 1978941511;   [ 3 ]
[ 72 ] === 1991021512;   [ 1 ]
[ 73 ] === 1374451913, 1220577865;   [ 2 ]
[ 74 ] === [ 75 ] === [ 76 ] === 406705484, 334707276;   [ 2 ]
[ 77 ] === 1616115149, 683187405, 321701709;   [ 3 ]
[ 78 ] === 1671861198;   [ 1 ]
[ 79 ] === [ 80 ] === 399903184;   [ 1 ]
[ 81 ] === 1113470417;   [ 1 ]
[ 82 ] === 743364178;   [ 1 ]
[ 83 ] === 110163667;   [ 1 ]
[ 84 ] === 476821844;   [ 1 ]
[ 85 ] === 1531458389;   [ 1 ]
[ 86 ] === 140839126, 1368167638;   [ 2 ]
[ 87 ] === 1082710743, 1587079639;   [ 2 ]
[ 88 ] === 198049112, 749752664;   [ 2 ]
[ 89 ] === 1827926617, 1138377177;   [ 2 ]
[ 90 ] === 329108186;   [ 1 ]
[ 91 ] === 658224219;   [ 1 ]
[ 92 ] === 903103708;   [ 1 ]
[ 93 ] === [ 94 ] === 1566707038;   [ 1 ]
[ 95 ] === 631251679;   [ 1 ]
[ 96 ] === 999051360, 591124320;   [ 2 ]
[ 97 ] === [ 98 ] === 1986551778;   [ 1 ]
[ 99 ] === [ 100 ] === 994446820;   [ 1 ]
[ 101 ] === [ 102 ] === 1402275686, 751564518, 4469734, 2051860198;   [ 4 ]
[ 103 ] === [ 104 ] === 1366684392;   [ 1 ]
[ 105 ] === 1980017385, 2133995241;   [ 2 ]
[ 106 ] === 1438593770;   [ 1 ]
[ 107 ] === 1762730859;   [ 1 ]
[ 108 ] === 1778780524, 566752236;   [ 2 ]
[ 109 ] === [ 110 ] === [ 111 ] === 1250570095, 721719279;   [ 2 ]
[ 112 ] === 2074005744;   [ 1 ]
[ 113 ] === 1537882481, 1895964913, 1367114097;   [ 3 ]
[ 114 ] === [ 115 ] === 1158407155;   [ 1 ]
[ 116 ] === [ 117 ] === [ 118 ] === [ 119 ] === 570761335;   [ 1 ]
[ 120 ] === 68964984;   [ 1 ]
[ 121 ] === [ 122 ] === [ 123 ] === [ 124 ] === 2111165564, 44708220, 1159751292;   [ 3 ]
[ 125 ] === [ 126 ] === [ 127 ] === 582040447;   [ 1 ]
